-6.993485450744628906e+00
-9.023575782775878906e+00
-7.398417949676513672e+00
-6.257764816284179688e+00
-8.089672088623046875e+00
-8.523909568786621094e+00
-1.009082984924316406e+01
-1.049386596679687500e+01
-1.016372394561767578e+01
-1.152623558044433594e+01
-1.153090095520019531e+01
-1.236441707611083984e+01
-1.347668075561523438e+01
-1.437495613098144531e+01
-1.523438739776611328e+01
-1.611016845703125000e+01
-1.706873130798339844e+01
-1.787774085998535156e+01
-1.896327972412109375e+01
-1.998163032531738281e+01
-2.091360473632812500e+01
-2.189005088806152344e+01
-2.282368850708007812e+01
-2.382894706726074219e+01
-2.477185630798339844e+01
-2.569054031372070312e+01
-2.676160621643066406e+01
-2.768581008911132812e+01
-2.872114944458007812e+01
-2.966767120361328125e+01
-3.061403846740722656e+01
-3.166122817993164062e+01
-3.258272552490234375e+01
-3.362942123413085938e+01
-3.461809921264648438e+01
-3.555980300903320312e+01
-3.652365493774414062e+01
-3.755414962768554688e+01
-3.845768356323242188e+01
-3.944128036499023438e+01
