-7.992593288421630859e+00
-6.299366950988769531e+00
-8.400482177734375000e+00
-8.755012512207031250e+00
-1.051580810546875000e+01
-1.082072257995605469e+01
-1.118824958801269531e+01
-1.162632369995117188e+01
-1.134104156494140625e+01
-1.271110153198242188e+01
-1.336382293701171875e+01
-1.388580799102783203e+01
-1.492257022857666016e+01
-1.594673061370849609e+01
-1.696048927307128906e+01
-1.802058410644531250e+01
-1.890100860595703125e+01
-2.003629112243652344e+01
-2.102515411376953125e+01
-2.212842369079589844e+01
-2.318737030029296875e+01
-2.422019577026367188e+01
-2.527469062805175781e+01
-2.628576087951660156e+01
-2.739483642578125000e+01
-2.837982940673828125e+01
-2.942012023925781250e+01
-3.058601951599121094e+01
-3.166518592834472656e+01
-3.273669052124023438e+01
-3.380984497070312500e+01
-3.488192749023437500e+01
-3.595988082885742188e+01
-3.704008483886718750e+01
-3.810555267333984375e+01
-3.919728851318359375e+01
-4.027837371826171875e+01
-4.135961914062500000e+01
-4.244684600830078125e+01
-4.352748870849609375e+01
