3.282546997070312500e-03
1.861883512447411348e+00
1.640942207805196063e-03
7.246671262093329346e-03
1.970261284062857499e-03
5.066292335035527117e-03
1.027823734286492652e-02
3.389145160821449565e-02
8.058519168882050110e-02
1.419803672257735627e-01
2.091922114948641109e-01
2.931194662907117277e-01
2.323355507086670713e-01
1.876060221349469259e-01
1.555171008538671629e-01
1.019067173487790967e-01
1.152728898863557561e-01
8.048675478996258903e-02
7.649385561320443117e-02
7.655710826603367991e-02
5.552384069175886339e-02
3.528850981889775085e-02
3.926103253280999184e-02
3.736262577979942989e-02
2.981923083924087337e-02
3.558650824070141994e-02
2.912930960670223612e-02
1.755108632820423509e-02
2.085104465953335762e-02
2.467831522557162316e-02
1.873778658114133577e-02
1.677260619564435729e-02
1.544794962826756546e-02
1.095977967877104220e-02
9.739231955386173922e-03
1.336263325758579867e-02
1.104181474561016785e-02
8.457440929930726270e-03
9.626105637480009136e-03
7.530048062918126561e-03
