-5.999655246734619141e+00
-6.019609451293945312e+00
-6.087774276733398438e+00
-6.201191902160644531e+00
-6.357894897460937500e+00
-6.568046569824218750e+00
-6.820766925811767578e+00
-7.118894577026367188e+00
-7.471309185028076172e+00
-7.870350360870361328e+00
-8.344630241394042969e+00
-8.921394348144531250e+00
-9.536296844482421875e+00
-1.016291427612304688e+01
-1.079509544372558594e+01
-1.141967582702636719e+01
-1.207014083862304688e+01
-1.272471714019775391e+01
-1.338430690765380859e+01
-1.405741691589355469e+01
-1.472243022918701172e+01
-1.538217926025390625e+01
-1.605344200134277344e+01
-1.673379898071289062e+01
-1.740868377685546875e+01
-1.808543395996093750e+01
-1.876394462585449219e+01
-1.943984413146972656e+01
-2.012525558471679688e+01
-2.080788040161132812e+01
-2.149152183532714844e+01
-2.217611122131347656e+01
-2.286169624328613281e+01
-2.354808425903320312e+01
-2.423527526855468750e+01
-2.492314910888671875e+01
-2.560956764221191406e+01
-2.630077362060546875e+01
-2.699046325683593750e+01
-2.767914962768554688e+01
