-5.999032020568847656e+00
-6.022415637969970703e+00
-6.085437774658203125e+00
-6.200735569000244141e+00
-6.361998081207275391e+00
-5.343199729919433594e+00
-6.822396278381347656e+00
-7.120563983917236328e+00
-7.466004371643066406e+00
-7.889550209045410156e+00
-8.327783584594726562e+00
-8.834974288940429688e+00
-9.417985916137695312e+00
-1.005726337432861328e+01
-1.050209617614746094e+01
-1.129399299621582031e+01
-1.195502853393554688e+01
-1.258764457702636719e+01
-1.323922252655029297e+01
-1.394045448303222656e+01
-1.466790103912353516e+01
-1.532911682128906250e+01
-1.600061416625976562e+01
-1.657777023315429688e+01
-1.729472541809082031e+01
-1.805081176757812500e+01
-1.872149467468261719e+01
-1.932103538513183594e+01
-2.010189437866210938e+01
-2.072181892395019531e+01
-2.145768737792968750e+01
-2.215391159057617188e+01
-2.282729339599609375e+01
-2.340197563171386719e+01
-2.416304397583007812e+01
-2.485256004333496094e+01
-2.554344940185546875e+01
-2.628130149841308594e+01
-2.692380905151367188e+01
-2.767617034912109375e+01
