9.679794311523437500e-04
1.016995414451216106e-04
4.852822949558799337e-03
3.394150252090000208e-03
3.998428079523108636e-03
1.236720709510408689e+00
2.990397168015235252e-02
6.901765718004337913e-02
1.270474102623948554e-01
1.664090821747734594e-01
2.389886489109009915e-01
2.790824477141313764e-01
2.707385666365098587e-01
2.268717291112558598e-01
3.934360349009260460e-01
2.254906640732627920e-01
1.984415462205770808e-01
2.079612629825291492e-01
2.052302639874366008e-01
1.584404606338800647e-01
9.015170447521647645e-02
9.210646790526233474e-02
8.722368132384872297e-02
1.796608730972266699e-01
1.348931271354487649e-01
5.326776063304805575e-02
5.904981499614692098e-02
1.377497162252190321e-01
3.671225837559433103e-02
9.802305684284107201e-02
4.465950072419033745e-02
3.208455106181773431e-02
4.338718813888675641e-02
1.543289043993496534e-01
7.973983122600714069e-02
7.748396509921207098e-02
7.456976107620860716e-02
2.534904623858835748e-02
7.207665511560179539e-02
9.507312068667062022e-03
