-5.995117664337158203e+00
-6.022131443023681641e+00
-6.089694976806640625e+00
-6.202229499816894531e+00
-6.362362861633300781e+00
-6.567144870758056641e+00
-5.987438201904296875e+00
-7.117308139801025391e+00
-7.473616600036621094e+00
-7.873446464538574219e+00
-8.341283798217773438e+00
-8.872370719909667969e+00
-9.433743476867675781e+00
-1.006403350830078125e+01
-1.076778030395507812e+01
-1.142928695678710938e+01
-1.195402908325195312e+01
-1.271001243591308594e+01
-1.327356910705566406e+01
-1.404222869873046875e+01
-1.471406936645507812e+01
-1.529057407379150391e+01
-1.605690956115722656e+01
-1.671673202514648438e+01
-1.740219879150390625e+01
-1.799155807495117188e+01
-1.868474960327148438e+01
-1.943526458740234375e+01
-2.011994171142578125e+01
-2.079501533508300781e+01
-2.148444366455078125e+01
-2.217212677001953125e+01
-2.278681373596191406e+01
-2.354409599304199219e+01
-2.422990608215332031e+01
-2.491845512390136719e+01
-2.560837173461914062e+01
-2.629801368713378906e+01
-2.698082160949707031e+01
-2.767737197875976562e+01
