-6.997641086578369141e+00
-7.020205974578857422e+00
-7.094131469726562500e+00
-7.224046707153320312e+00
-7.399390220642089844e+00
-7.626716613769531250e+00
-7.907675743103027344e+00
-8.245552062988281250e+00
-8.639020919799804688e+00
-9.087839126586914062e+00
-9.629093170166015625e+00
-1.015961170196533203e+01
-1.082637596130371094e+01
-1.161152839660644531e+01
-1.232392597198486328e+01
-1.305843734741210938e+01
-1.379353523254394531e+01
-1.455245304107666016e+01
-1.527679824829101562e+01
-1.595216751098632812e+01
-1.682221221923828125e+01
-1.758914184570312500e+01
-1.835030746459960938e+01
-1.912351799011230469e+01
-1.989961814880371094e+01
-2.065493011474609375e+01
-2.145057868957519531e+01
-2.222816658020019531e+01
-2.300176048278808594e+01
-2.378462791442871094e+01
-2.456911468505859375e+01
-2.535119628906250000e+01
-2.613140487670898438e+01
-2.691792869567871094e+01
-2.770150947570800781e+01
-2.848942184448242188e+01
-2.927617263793945312e+01
-3.006302833557128906e+01
-3.085184097290039062e+01
-3.162888717651367188e+01
