2.000607013702392578e+00
6.419456313571103578e-04
1.501547622891230560e-03
2.452176232963232394e-03
1.379225587121761798e+00
1.463697192503943256e-02
3.236468294348426866e-02
4.964764038097335686e-02
9.943461314898627279e-02
1.685327253187267615e-01
2.445028085434159948e-01
2.818819958689058325e-01
1.956179644041586840e-01
1.571163370754824484e-01
1.283567097614710661e-01
1.060558692421196270e-01
8.850537081482912072e-02
7.449672519897454492e-02
6.413609336026127039e-02
5.467846691846034446e-02
4.779255521981440324e-02
4.092227947210957950e-02
3.698685240670229746e-02
3.150934354446732755e-02
2.783508370733756010e-02
2.467943119471627256e-02
2.245258024188601098e-02
1.985091800290206265e-02
1.780955378988480220e-02
1.599525517875477476e-02
1.464715830934792962e-02
1.320281568602510447e-02
1.248994865490260509e-02
1.146386089118323071e-02
1.000884642843402617e-02
9.222320328497346509e-03
8.473960703817340345e-03
1.010786869126434340e-02
7.221044414755795060e-03
6.680308686878078106e-03
