2.358913421630859375e-03
4.812840254159844733e-03
6.174551773281855560e-03
2.573292871146826144e-03
6.201123468197344835e-03
1.387593982054724506e-02
3.014548280920692491e-02
6.005890289318038811e-02
1.101500977681268978e-01
1.763185224378673865e-01
2.088582772934159948e-01
2.968460995676363012e-01
2.818387056761313403e-01
1.733898356106386984e-01
1.567809727619593474e-01
1.329676047767875957e-01
1.204410626483252145e-01
9.371135532592766992e-02
1.094585115731518954e-01
1.807618409418978445e-01
6.292927396981440324e-02
5.292140972113301700e-02
5.271675658150698496e-02
4.395860807083451505e-02
3.535003732061881010e-02
5.019212650721627256e-02
2.704356840106569848e-02
2.403373355465987515e-02
2.686755244711136470e-02
2.208160466605946226e-02
1.716104380739480462e-02
1.598372999266572947e-02
1.788965263439479259e-02
1.457856120856604321e-02
1.521018615011371367e-02
1.242285133435672151e-02
1.163253003975484035e-02
1.150404789048309340e-02
1.012402903389642006e-02
2.116089950719057811e-02
