-7.998817443847656250e+00
-6.174465179443359375e+00
-6.427865982055664062e+00
-6.725232124328613281e+00
-8.439426422119140625e+00
-8.687816619873046875e+00
-8.996877670288085938e+00
-9.367624282836914062e+00
-9.804710388183593750e+00
-1.028914833068847656e+01
-1.088713836669921875e+01
-1.151309204101562500e+01
-1.229965686798095703e+01
-1.310260391235351562e+01
-1.391717910766601562e+01
-1.472555923461914062e+01
-1.557142734527587891e+01
-1.639947891235351562e+01
-1.725510406494140625e+01
-1.810404777526855469e+01
-1.895066833496093750e+01
-1.980919837951660156e+01
-2.067140579223632812e+01
-2.154100418090820312e+01
-2.240344047546386719e+01
-2.327789688110351562e+01
-2.414576721191406250e+01
-2.502311706542968750e+01
-2.589489936828613281e+01
-2.677526283264160156e+01
-2.765376091003417969e+01
-2.853343963623046875e+01
-2.941427040100097656e+01
-3.029630279541015625e+01
-3.117749023437500000e+01
-3.206324768066406250e+01
-3.294646453857421875e+01
-3.383356094360351562e+01
-3.471987915039062500e+01
-3.560686874389648438e+01
