-8.000000000000000000e+00
-8.027520372344557842e+00
-8.110329309417629418e+00
-8.249207728883087398e+00
-8.445678732858914017e+00
-8.702687767401629415e+00
-9.025940243529042561e+00
-9.424632491731083306e+00
-9.907461951143064383e+00
-1.047344135845569646e+01
-1.110956558544110173e+01
-1.179901778343881169e+01
-1.252776193943197924e+01
-1.328572227765322822e+01
-1.406588962072027016e+01
-1.486332938780126867e+01
-1.567448380872626323e+01
-1.649672351182129049e+01
-1.732806097950336266e+01
-1.816696387647152022e+01
-1.901223029871635006e+01
-1.986290324939298912e+01
-2.071821060895465649e+01
-2.157752209756019823e+01
-2.244031783103281441e+01
-2.330616495650748377e+01
-2.417470002752060410e+01
-2.504561552687022541e+01
-2.591864943385350273e+01
-2.679357705764803654e+01
-2.767020457923076293e+01
-2.854836389656643192e+01
-2.942790847461090209e+01
-3.030870997769854469e+01
-3.119065551668442637e+01
-3.207364538321513692e+01
-3.295759117303676788e+01
-3.384241422227917440e+01
-3.472804429724386921e+01
-3.561441849085497324e+01
