-4.997519016265869141e+00
-7.024130344390869141e+00
-7.099569797515869141e+00
-7.225588798522949219e+00
-7.325319290161132812e+00
-7.633631706237792969e+00
-6.920178413391113281e+00
-8.255404472351074219e+00
-8.654675483703613281e+00
-9.136322021484375000e+00
-9.643262863159179688e+00
-1.027490425109863281e+01
-1.087912559509277344e+01
-1.169093132019042969e+01
-1.238887214660644531e+01
-1.310835838317871094e+01
-1.384955787658691406e+01
-1.458568000793457031e+01
-1.534787845611572266e+01
-1.610026741027832031e+01
-1.684846878051757812e+01
-1.762158966064453125e+01
-1.836977958679199219e+01
-1.914672088623046875e+01
-1.990709114074707031e+01
-2.068972396850585938e+01
-2.146079826354980469e+01
-2.223096466064453125e+01
-2.301400756835937500e+01
-2.379763793945312500e+01
-2.457178115844726562e+01
-2.535712432861328125e+01
-2.614155960083007812e+01
-2.692064857482910156e+01
-2.770978927612304688e+01
-2.849572753906250000e+01
-2.928003692626953125e+01
-3.006525421142578125e+01
-3.085547256469726562e+01
-3.164559745788574219e+01
