-7.000000000000000000e+00
-7.025018814833017267e+00
-7.100306021499844356e+00
-7.226620000024467139e+00
-7.405591344110287189e+00
-7.640592553590078495e+00
-7.937821225912234269e+00
-8.305610965881461638e+00
-8.749171017567931585e+00
-9.264157649024781449e+00
-9.837951447459431620e+00
-1.045645780153296833e+01
-1.110821466697984228e+01
-1.178491823221708401e+01
-1.248070694474682263e+01
-1.319140495218889697e+01
-1.391397629519227053e+01
-1.464616439640258783e+01
-1.538625675986416752e+01
-1.613292935192822597e+01
-1.688514149320809565e+01
-1.764206325542425802e+01
-1.840302422118111636e+01
-1.916747659818313920e+01
-1.993496818612432975e+01
-2.070512224125331002e+01
-2.147762225797626101e+01
-2.225220031375485519e+01
-2.302862803523519730e+01
-2.380670951909477040e+01
-2.458627572886598855e+01
-2.536718001905516573e+01
-2.614929452934337917e+01
-2.693250725688727698e+01
-2.771671966185812153e+01
-2.850184469581677860e+01
-2.928780516797920797e+01
-3.007453238346177216e+01
-3.086196500193428705e+01
-3.165004807602086245e+01
