2.002480983734130859e+00
8.884704421481259828e-04
7.362239839752149351e-04
1.031201501517919894e-03
8.027205394915437608e-02
6.960847352285526313e-03
1.017642812521120987e+00
5.020649353038741936e-02
9.449553386431830404e-02
1.278356275404064490e-01
1.946885843002519323e-01
1.815535504343355200e-01
2.290890718870688403e-01
9.398691202665432343e-02
9.183479814037731614e-02
8.304656901018603321e-02
6.441841860535646447e-02
6.048438846801751367e-02
3.837830374844486414e-02
3.266194164990565696e-02
3.667271269051752824e-02
2.047359477972676700e-02
3.324463438912417246e-02
2.075571195267045255e-02
2.787704537725943510e-02
1.539827274745064756e-02
1.682399442645632348e-02
2.123565311032393765e-02
1.462046687582230220e-02
9.071579641645399761e-03
1.449457041872292962e-02
1.005569044188447947e-02
7.734928513301042585e-03
1.185868205817541821e-02
6.930385735074651166e-03
6.117156754278596509e-03
7.768241709676715345e-03
9.278172035990905897e-03
6.492437237021420060e-03
4.450618135120265606e-03
