-4.999392986297607422e+00
-7.024376869201660156e+00
-7.098804473876953125e+00
-7.224167823791503906e+00
-6.026365756988525391e+00
-7.625955581665039062e+00
-7.905456542968750000e+00
-8.255963325500488281e+00
-8.649736404418945312e+00
-9.095624923706054688e+00
-9.593448638916015625e+00
-1.017457580566406250e+01
-1.091259670257568359e+01
-1.162780189514160156e+01
-1.235235023498535156e+01
-1.308534908294677734e+01
-1.382547092437744141e+01
-1.457166767120361328e+01
-1.532212066650390625e+01
-1.607825088500976562e+01
-1.683734893798828125e+01
-1.760114097595214844e+01
-1.836603736877441406e+01
-1.913596725463867188e+01
-1.990713310241699219e+01
-2.068044281005859375e+01
-2.145516967773437500e+01
-2.223234939575195312e+01
-2.301081848144531250e+01
-2.379071426391601562e+01
-2.457162857055664062e+01
-2.535397720336914062e+01
-2.613680458068847656e+01
-2.692104339599609375e+01
-2.770671081542968750e+01
-2.849262237548828125e+01
-2.927933120727539062e+01
-3.006442451477050781e+01
-3.085474395751953125e+01
-3.164336776733398438e+01
