-6.995293617248535156e+00
-5.179925441741943359e+00
-5.470862865447998047e+00
-7.226039409637451172e+00
-7.404079437255859375e+00
-7.635626792907714844e+00
-7.919166564941406250e+00
-8.266416549682617188e+00
-8.665353775024414062e+00
-9.130391120910644531e+00
-9.662299156188964844e+00
-1.025624942779541016e+01
-1.090703964233398438e+01
-1.161159896850585938e+01
-1.235015869140625000e+01
-1.308559894561767578e+01
-1.382481575012207031e+01
-1.457142353057861328e+01
-1.532265472412109375e+01
-1.607686996459960938e+01
-1.683824348449707031e+01
-1.760111236572265625e+01
-1.836731719970703125e+01
-1.913599014282226562e+01
-1.990711402893066406e+01
-2.068005180358886719e+01
-2.145558929443359375e+01
-2.223208236694335938e+01
-2.301083564758300781e+01
-2.379058265686035156e+01
-2.457173919677734375e+01
-2.535366439819335938e+01
-2.613727378845214844e+01
-2.692129135131835938e+01
-2.770624160766601562e+01
-2.849223518371582031e+01
-2.927933692932128906e+01
-3.006668853759765625e+01
-3.085460472106933594e+01
-3.164336395263671875e+01
