4.706382751464843750e-03
1.845093373091073907e+00
1.629443156051846309e+00
5.805903870159667690e-04
1.511906854427813585e-03
4.965760682363651313e-03
1.865466097082801866e-02
3.919441619884445061e-02
8.381724254351752279e-02
1.337665281141369178e-01
1.756522912704667760e-01
2.002083737375581762e-01
2.011750246458579028e-01
1.733192637112246359e-01
1.305482533405726286e-01
1.058060065712211895e-01
8.916054507020021447e-02
7.474086582397454492e-02
6.360203574307377039e-02
5.605938732861659446e-02
4.689800871102534074e-02
4.095088970160176700e-02
3.570702147408510996e-02
3.148645536087357755e-02
2.785415719366568510e-02
2.507043766444283506e-02
2.203296354266726098e-02
2.011794681149581265e-02
1.779238765218948970e-02
1.612686223441883726e-02
1.453653208864480462e-02
1.351562086180635447e-02
1.202074089123073009e-02
1.121590556891760571e-02
1.047805419210590117e-02
9.609512100958284009e-03
8.468238657918902845e-03
7.843845864115905897e-03
7.360280864951107560e-03
6.684123384143703106e-03
