1.712846755981445312e-02
3.965977461191094733e-03
8.077495577056836851e-04
2.465527673392919894e-03
4.382466546810626085e-03
1.076886889769568256e-02
2.037890413489051866e-02
4.051239410411788811e-02
8.306574718218939779e-02
1.297181806409923865e-01
1.845615167343339635e-01
2.038981396677339575e-01
1.976902986937094653e-01
1.618084147122011984e-01
1.313998845051234099e-01
1.059271232094047832e-01
9.140644808533693322e-02
7.770011722778313867e-02
6.411892722256595789e-02
5.548336804150721946e-02
4.727947843758784074e-02
4.318820964789082950e-02
3.613426756783510996e-02
3.380197660110795255e-02
2.819366525030631010e-02
2.512575077479439756e-02
2.220462491962038598e-02
1.970786685544112515e-02
1.793734614828323970e-02
1.623939580375477476e-02
1.498285166872292962e-02
1.327529493407197947e-02
1.257577934337916759e-02
1.108620586188635571e-02
1.019576659444965117e-02
1.093130470349734651e-02
8.580772227254840345e-03
8.139484902201843397e-03
7.303060405966732560e-03
6.729899751331203106e-03
