-6.982871532440185547e+00
-7.021052837371826172e+00
-7.099498271942138672e+00
-7.224154472351074219e+00
-7.401208877563476562e+00
-7.629823684692382812e+00
-7.917442321777343750e+00
-8.265098571777343750e+00
-8.666105270385742188e+00
-9.134439468383789062e+00
-9.653389930725097656e+00
-1.025255966186523438e+01
-1.091052436828613281e+01
-1.162310981750488281e+01
-1.234930706024169922e+01
-1.308547782897949219e+01
-1.382256984710693359e+01
-1.456846427917480469e+01
-1.532213783264160156e+01
-1.607744598388671875e+01
-1.683786201477050781e+01
-1.759887504577636719e+01
-1.836688995361328125e+01
-1.913367462158203125e+01
-1.990677452087402344e+01
-2.067999649047851562e+01
-2.145541763305664062e+01
-2.223249244689941406e+01
-2.301069068908691406e+01
-2.379047012329101562e+01
-2.457129287719726562e+01
-2.535390472412109375e+01
-2.613671875000000000e+01
-2.692142105102539062e+01
-2.770652389526367188e+01
-2.849091339111328125e+01
-2.927922439575195312e+01
-3.006639289855957031e+01
-3.085466194152832031e+01
-3.164331817626953125e+01
