2.001668930053710938e+00
4.713077083273731205e-04
5.489978331567613168e-04
2.262530530092732306e-04
8.707265722929236063e-04
3.327873602801290076e-03
1.271659545775349898e-02
3.346294369641533706e-02
7.635004318408000756e-02
1.231396159019855219e-01
1.529177125162970441e-01
1.695202553626398156e-01
1.427350076692839309e-01
1.197257261395563432e-01
9.191157811773109643e-02
8.315513243017491618e-02
7.933572217841167173e-02
4.339251816894673652e-02
4.517828907367515967e-02
3.822165845394209782e-02
2.653350611381100066e-02
2.692760242033287454e-02
2.625504254840649310e-02
9.984789820940420668e-03
1.867171286875191072e-02
1.854822677115564034e-02
1.395822149033065784e-02
1.516852064463947158e-02
1.304411769139335320e-02
1.273332290682560597e-02
1.337093054912230627e-02
9.551259237330356200e-03
1.154189746246458981e-02
7.219194007138440838e-03
6.058501303566998786e-03
6.792813635058791988e-03
5.831834657861634241e-03
5.610785999877521135e-03
5.765702273166084524e-03
5.012973276848242676e-03
