1.489543914794921875e-02
1.860523416472975811e+00
2.090135528469261317e-03
2.299541016876460731e-03
5.946181284206986106e-03
2.092316474049660258e-02
1.040965728636678023e-02
3.528350796643486831e-02
7.465631759814250756e-02
1.283428629722980219e-01
1.826094086832892316e-01
2.307356560584405969e-01
2.388958963411589309e-01
2.046408872723688432e-01
1.779558896411685964e-01
1.400694619589835099e-01
1.146579115094663592e-01
8.744845688964986152e-02
8.360182728168297217e-02
7.175094007015303532e-02
6.238403101615475066e-02
4.722942126798912454e-02
4.161682843707836810e-02
3.575497719887010817e-02
3.832121848398628572e-02
3.274462264517907784e-02
2.892137151474472034e-02
2.602133436534259658e-02
2.403616786229179070e-02
2.106843643221623097e-02
1.966136634013793127e-02
1.855203743557254370e-02
1.591544787750365231e-02
1.473414762041969084e-02
1.349334627427012379e-02
1.240041861552754199e-02
9.745714052392884241e-03
8.971534290893146135e-03
9.492661501681709524e-03
9.525760142082617676e-03
