-7.985104560852050781e+00
-6.166996955871582031e+00
-8.108239173889160156e+00
-8.246908187866210938e+00
-8.439732551574707031e+00
-8.681764602661132812e+00
-9.015530586242675781e+00
-9.389348983764648438e+00
-9.832805633544921875e+00
-1.034509849548339844e+01
-1.092695617675781250e+01
-1.156828212738037109e+01
-1.228886604309082031e+01
-1.308108139038085938e+01
-1.388793373107910156e+01
-1.472325992584228516e+01
-1.555982589721679688e+01
-1.640927505493164062e+01
-1.724445915222167969e+01
-1.809521293640136719e+01
-1.894984626770019531e+01
-1.981567382812500000e+01
-2.067659378051757812e+01
-2.154176712036132812e+01
-2.240199661254882812e+01
-2.327342033386230469e+01
-2.414577865600585938e+01
-2.501959419250488281e+01
-2.589461326599121094e+01
-2.677250862121582031e+01
-2.765054321289062500e+01
-2.852981185913085938e+01
-2.941199302673339844e+01
-3.029397583007812500e+01
-3.117716217041015625e+01
-3.206124496459960938e+01
-3.294784545898437500e+01
-3.383344268798828125e+01
-3.471855163574218750e+01
-3.560489273071289062e+01
