7.464885711669921875e-03
1.869458867980544170e+00
1.726429620696926293e+00
2.218478699981929481e-03
6.114616613257108924e-01
1.244213904469582133e-02
3.703624420042928023e-02
6.216567959729424331e-02
1.032322148149393826e-01
1.615250071373370844e-01
2.692430909342657941e-01
3.319443428870538781e-01
2.826447519319792434e-01
3.500228147626032182e-01
1.730635403980045339e-01
2.245907555991202287e-01
1.130557386579038592e-01
1.466640025439467365e-01
2.014588066518001597e-01
7.519370435237959782e-02
7.887687464408443816e-02
6.450999988127037454e-02
8.603707074664868060e-02
4.581242653969042067e-02
3.503485678965034822e-02
4.171488326529626534e-02
3.227830510849472034e-02
3.750548048350665908e-02
2.578329920994804070e-02
2.388177566561466847e-02
8.572429358623168127e-02
2.057382698635379370e-02
1.946502368316771481e-02
1.794993741534156584e-02
1.685218721665293629e-02
1.666525015849629199e-02
1.367485223598663424e-02
1.394589952526814614e-02
1.341417029074420952e-02
9.819491831535742676e-03
