1.182556152343750000e-03
1.853055192901198467e+00
1.682463327361965355e+00
1.523975604554474117e+00
6.252310739773392356e-03
1.487114752858254008e-02
2.906257324095662398e-02
5.700820889416924331e-02
1.027515629594706326e-01
1.842930277672198969e-01
2.224272187418829816e-01
2.859257424231866906e-01
2.281050714510222122e-01
1.831183652997125932e-01
1.487105130542545339e-01
1.377701531821280412e-01
1.030564634503843280e-01
9.724459946777486152e-02
7.295691456195640967e-02
6.291610120296553532e-02
6.156196375541256316e-02
5.370486987638756204e-02
4.680481671832836810e-02
3.651791665199510817e-02
3.687735556894722322e-02
2.826807540396814034e-02
2.893281560654159534e-02
2.249846144053790908e-02
2.375006556736991570e-02
1.831422500643498097e-02
1.644366919658324377e-02
1.492426033596316870e-02
1.363807360992552731e-02
1.240718228838844084e-02
1.316528230942637379e-02
1.039770255107441699e-02
1.112663446254913424e-02
8.853278675658771135e-03
8.165146853244209524e-03
7.549746958488867676e-03
