2.624034881591796875e-03
2.119082942648731205e-04
3.041902496242698817e-03
1.517823451539337398e+00
1.379620573984402299e+00
1.212886360541277853e+00
2.016860656615193648e-02
5.375999417248955581e-02
1.126354435747050076e-01
1.702949961510089594e-01
2.760914262003790753e-01
3.180426323767999719e-01
3.198246988313933059e-01
2.988991956830133745e-01
2.477486371387271902e-01
1.884341012412100724e-01
1.218638746442319842e-01
2.181437999072279865e-01
9.705435718890953467e-02
8.496505139827803532e-02
7.313575525931881316e-02
1.208530784945516245e-01
5.842629193805493060e-02
4.839306923988573317e-02
4.094382285410347322e-02
3.700945418814782784e-02
3.083444219345565784e-02
3.150877638194415908e-02
2.659773707615897820e-02
2.378831558260685597e-02
2.351611792705199377e-02
2.523538704494754370e-02
1.771026294098021481e-02
1.599871976397437834e-02
2.024726778305918629e-02
1.349523673076191699e-02
1.607811151333038424e-02
2.153714708386189614e-02
1.147248938254108452e-02
1.218460413622324268e-02
