-7.992535114288330078e+00
-6.158061504364013672e+00
-6.383899688720703125e+00
-8.246989250183105469e+00
-7.834217071533203125e+00
-8.690245628356933594e+00
-8.988903999328613281e+00
-9.362466812133789062e+00
-9.804229736328125000e+00
-1.031191635131835938e+01
-1.084032249450683594e+01
-1.146707344055175781e+01
-1.224511718750000000e+01
-1.293569946289062500e+01
-1.389282608032226562e+01
-1.463873863220214844e+01
-1.556142807006835938e+01
-1.635005950927734375e+01
-1.712660217285156250e+01
-1.809177017211914062e+01
-1.893335342407226562e+01
-1.979839324951171875e+01
-2.063217353820800781e+01
-2.153170967102050781e+01
-2.240528297424316406e+01
-2.326445007324218750e+01
-2.414242172241210938e+01
-2.500811004638671875e+01
-2.589286613464355469e+01
-2.676969528198242188e+01
-2.758448028564453125e+01
-2.852779006958007812e+01
-2.940844345092773438e+01
-3.029076004028320312e+01
-3.117380332946777344e+01
-3.205698013305664062e+01
-3.294391632080078125e+01
-3.382846832275390625e+01
-3.471463012695312500e+01
-3.560459899902343750e+01
