-7.997375965118408203e+00
-8.027308464050292969e+00
-8.107287406921386719e+00
-6.731384277343750000e+00
-7.066058158874511719e+00
-7.489801406860351562e+00
-9.005771636962890625e+00
-9.370872497558593750e+00
-9.794826507568359375e+00
-1.030314636230468750e+01
-1.083347415924072266e+01
-1.148097515106201172e+01
-1.220793724060058594e+01
-1.298682308197021484e+01
-1.381814098358154297e+01
-1.467489528656005859e+01
-1.555261993408203125e+01
-1.627857971191406250e+01
-1.723100662231445312e+01
-1.808199882507324219e+01
-1.893909454345703125e+01
-1.974205017089843750e+01
-2.065978431701660156e+01
-2.152912902832031250e+01
-2.239937400817871094e+01
-2.326915550231933594e+01
-2.414386558532714844e+01
-2.501410675048828125e+01
-2.589205169677734375e+01
-2.676978874206542969e+01
-2.764668846130371094e+01
-2.852312850952148438e+01
-2.941019821166992188e+01
-3.029271125793457031e+01
-3.117040824890136719e+01
-3.206015014648437500e+01
-3.294151306152343750e+01
-3.382087707519531250e+01
-3.471657180786132812e+01
-3.560223388671875000e+01
