-5.998331069946289062e+00
-8.027049064636230469e+00
-8.109780311584472656e+00
-8.248981475830078125e+00
-8.444808006286621094e+00
-8.699359893798828125e+00
-9.013223648071289062e+00
-9.391169548034667969e+00
-9.831111907958984375e+00
-1.035030174255371094e+01
-1.095664787292480469e+01
-1.162949752807617188e+01
-1.238502693176269531e+01
-1.316599655151367188e+01
-1.397397804260253906e+01
-1.478017425537109375e+01
-1.559514808654785156e+01
-1.645333099365234375e+01
-1.728288269042968750e+01
-1.812874221801757812e+01
-1.898569679260253906e+01
-1.983597564697265625e+01
-2.069195556640625000e+01
-2.156753730773925781e+01
-2.242164611816406250e+01
-2.328761672973632812e+01
-2.416074180603027344e+01
-2.503044700622558594e+01
-2.590560531616210938e+01
-2.678084373474121094e+01
-2.765683364868164062e+01
-2.853881263732910156e+01
-2.941636657714843750e+01
-3.030149078369140625e+01
-3.118459701538085938e+01
-3.206685256958007812e+01
-3.295175933837890625e+01
-3.383680343627929688e+01
-3.472227859497070312e+01
-3.560940551757812500e+01
