-6.992670536041259766e+00
-7.173277854919433594e+00
-9.117858886718750000e+00
-9.270624160766601562e+00
-9.484627723693847656e+00
-9.762624740600585938e+00
-1.010539054870605469e+01
-1.051685047149658203e+01
-1.100088310241699219e+01
-1.156154918670654297e+01
-1.219093513488769531e+01
-1.290426826477050781e+01
-1.369810009002685547e+01
-1.456889820098876953e+01
-1.547382736206054688e+01
-1.638893127441406250e+01
-1.731068611145019531e+01
-1.824311447143554688e+01
-1.918184661865234375e+01
-2.012612533569335938e+01
-2.107122421264648438e+01
-2.202753448486328125e+01
-2.298339653015136719e+01
-2.393713378906250000e+01
-2.490637397766113281e+01
-2.587260818481445312e+01
-2.683603858947753906e+01
-2.781184196472167969e+01
-2.878432464599609375e+01
-2.975752449035644531e+01
-3.073420524597167969e+01
-3.171123504638671875e+01
-3.268988037109375000e+01
-3.366916275024414062e+01
-3.465029144287109375e+01
-3.563278579711914062e+01
-3.661531448364257812e+01
-3.759924316406250000e+01
-3.858411788940429688e+01
-3.956790542602539062e+01
