-8.998839378356933594e+00
-7.175822734832763672e+00
-7.430755138397216797e+00
-9.270241737365722656e+00
-9.477300643920898438e+00
-9.751779556274414062e+00
-1.009674930572509766e+01
-1.050104618072509766e+01
-1.097973251342773438e+01
-1.152431869506835938e+01
-1.211353302001953125e+01
-1.284627723693847656e+01
-1.367342948913574219e+01
-1.456709480285644531e+01
-1.547112464904785156e+01
-1.638913345336914062e+01
-1.731118583679199219e+01
-1.822900772094726562e+01
-1.918240547180175781e+01
-2.012618446350097656e+01
-2.107356452941894531e+01
-2.202751350402832031e+01
-2.298422241210937500e+01
-2.394429779052734375e+01
-2.490079879760742188e+01
-2.587327384948730469e+01
-2.684150886535644531e+01
-2.780715751647949219e+01
-2.878425979614257812e+01
-2.975846862792968750e+01
-3.073398208618164062e+01
-3.170832443237304688e+01
-3.269004821777343750e+01
-3.366965484619140625e+01
-3.465075302124023438e+01
-3.563277435302734375e+01
-3.661546707153320312e+01
-3.759759521484375000e+01
-3.858417510986328125e+01
-3.956952285766601562e+01
