-8.998301506042480469e+00
-9.028495788574218750e+00
-9.113227844238281250e+00
-7.766893863677978516e+00
-9.480963706970214844e+00
-9.758170127868652344e+00
-1.009911918640136719e+01
-1.050660514831542969e+01
-1.099592208862304688e+01
-1.154637432098388672e+01
-1.221018886566162109e+01
-1.293239498138427734e+01
-1.376151084899902344e+01
-1.464924144744873047e+01
-1.550286197662353516e+01
-1.640069961547851562e+01
-1.734360504150390625e+01
-1.826657104492187500e+01
-1.920581054687500000e+01
-2.014597702026367188e+01
-2.107441329956054688e+01
-2.204793357849121094e+01
-2.299793052673339844e+01
-2.395083236694335938e+01
-2.491666412353515625e+01
-2.588655090332031250e+01
-2.684647178649902344e+01
-2.782631301879882812e+01
-2.879162406921386719e+01
-2.976267433166503906e+01
-3.073862266540527344e+01
-3.170886993408203125e+01
-3.269800949096679688e+01
-3.367385101318359375e+01
-3.465384674072265625e+01
-3.563431167602539062e+01
-3.661942291259765625e+01
-3.760123825073242188e+01
-3.858847045898437500e+01
-3.956912231445312500e+01
