-6.979391098022460938e+00
-7.175838947296142578e+00
-9.118649482727050781e+00
-9.269596099853515625e+00
-8.108843803405761719e+00
-8.557800292968750000e+00
-1.010428047180175781e+01
-1.051368045806884766e+01
-1.099528884887695312e+01
-1.156346702575683594e+01
-1.219458293914794922e+01
-1.290606307983398438e+01
-1.366100692749023438e+01
-1.456621170043945312e+01
-1.545135307312011719e+01
-1.638892745971679688e+01
-1.731319808959960938e+01
-1.823851966857910156e+01
-1.918136215209960938e+01
-2.012541961669921875e+01
-2.107390594482421875e+01
-2.202597618103027344e+01
-2.298249435424804688e+01
-2.394369697570800781e+01
-2.490649795532226562e+01
-2.587318038940429688e+01
-2.684079933166503906e+01
-2.780630111694335938e+01
-2.878416824340820312e+01
-2.975732803344726562e+01
-3.073271369934082031e+01
-3.171121215820312500e+01
-3.268667984008789062e+01
-3.366929244995117188e+01
-3.465037536621093750e+01
-3.563251876831054688e+01
-3.661541748046875000e+01
-3.759955215454101562e+01
-3.858383560180664062e+01
-3.956788253784179688e+01
