-9.000000000000000000e+00
-9.030021937875210014e+00
-9.120354170186731224e+00
-9.271824706451502252e+00
-9.485963801552513175e+00
-9.765503957927204937e+00
-1.011566986637049403e+01
-1.054584437044909073e+01
-1.106749094486593776e+01
-1.168357877869010331e+01
-1.238148999965489416e+01
-1.314167686845422800e+01
-1.394734001754923192e+01
-1.478653610277302555e+01
-1.565107553208923186e+01
-1.653525494675919560e+01
-1.743499173206827635e+01
-1.834728278408770308e+01
-1.926986526195972260e+01
-2.020099842726148154e+01
-2.113931911563114951e+01
-2.208374324850317194e+01
-2.303339699912515925e+01
-2.398756759808990324e+01
-2.494566747651214911e+01
-2.590720767205187158e+01
-2.687177779721643134e+01
-2.783903074006627421e+01
-2.880867083251575522e+01
-2.978044459622536877e+01
-3.075413342960968777e+01
-3.172954777408570948e+01
-3.270652241988297249e+01
-3.368491269851269010e+01
-3.466459137151211678e+01
-3.564544607061399972e+01
-3.662737717809528704e+01
-3.761029606109660506e+01
-3.859412359255402691e+01
-3.957878890568910890e+01
