2.007329463958740234e+00
1.856744082955776420e+00
2.495283467981224135e-03
1.200545684900689025e-03
1.336077858665518647e-03
2.879217326618999095e-03
1.027931766443934691e-02
2.899389895250870097e-02
6.660784244894557560e-02
1.220295919835603371e-01
1.905548647671988505e-01
2.374086036837201874e-01
2.492399275223764477e-01
2.176379017842560160e-01
1.772481700286849815e-01
1.463236723451331045e-01
1.243056206180810364e-01
1.041683126521562031e-01
8.801864330737885211e-02
7.487309156812216315e-02
6.809490298466513991e-02
5.620876363989069091e-02
5.000046897379206712e-02
5.043380902740324245e-02
3.929349885101629525e-02
3.459948723741845811e-02
3.573920773889227576e-02
2.718877534459451795e-02
2.434618651966147240e-02
2.292010586892345714e-02
1.992818363800807901e-02
1.831272769899072728e-02
1.664204878922248554e-02
1.574994826854947405e-02
1.429992864102302974e-02
1.266027349485909781e-02
1.206269445270891083e-02
1.105289703410505808e-02
1.000570314973003860e-02
1.088347966371827624e-02
