-7.973917007446289062e+00
-9.524713516235351562e+00
-1.002061843872070312e+01
-1.029157829284667969e+01
-1.052167415618896484e+01
-9.619448661804199219e+00
-1.119487380981445312e+01
-1.074221801757812500e+01
-1.216580486297607422e+01
-1.277564144134521484e+01
-1.345823001861572266e+01
-1.423813247680664062e+01
-1.506955623626708984e+01
-1.602104949951171875e+01
-1.703370094299316406e+01
-1.802947616577148438e+01
-1.905411720275878906e+01
-2.008136177062988281e+01
-2.110960006713867188e+01
-2.213856124877929688e+01
-2.318959236145019531e+01
-2.423445510864257812e+01
-2.529388999938964844e+01
-2.634956932067871094e+01
-2.740751838684082031e+01
-2.846568298339843750e+01
-2.953191184997558594e+01
-3.059954643249511719e+01
-3.166854476928710938e+01
-3.274300384521484375e+01
-3.381575775146484375e+01
-3.488834381103515625e+01
-3.596478271484375000e+01
-3.704293441772460938e+01
-3.812140655517578125e+01
-3.920318222045898438e+01
-4.028269577026367188e+01
-4.136435317993164062e+01
-4.244910430908203125e+01
-4.353289413452148438e+01
