-7.998540401458740234e+00
-1.002873611450195312e+01
-1.012873649597167969e+01
-1.029101753234863281e+01
-9.140726089477539062e+00
-1.081623458862304688e+01
-1.118812561035156250e+01
-1.162132835388183594e+01
-1.210543251037597656e+01
-1.274248123168945312e+01
-1.340294456481933594e+01
-1.415241241455078125e+01
-1.506089591979980469e+01
-1.602525711059570312e+01
-1.703822517395019531e+01
-1.803077316284179688e+01
-1.905940055847167969e+01
-2.008322525024414062e+01
-2.110479736328125000e+01
-2.215180969238281250e+01
-2.319427490234375000e+01
-2.424184608459472656e+01
-2.528847694396972656e+01
-2.634955596923828125e+01
-2.740416526794433594e+01
-2.846930503845214844e+01
-2.953535461425781250e+01
-3.059907150268554688e+01
-3.167153549194335938e+01
-3.274296569824218750e+01
-3.381602096557617188e+01
-3.489047241210937500e+01
-3.596691513061523438e+01
-3.704260635375976562e+01
-3.812321472167968750e+01
-3.920320510864257812e+01
-4.028283691406250000e+01
-4.136629104614257812e+01
-4.244799041748046875e+01
-4.353300857543945312e+01
