1.228141784667968750e-02
1.858671537349755098e+00
3.232624641887227313e-03
1.532607732358284736e+00
1.252144523808951249e-03
3.327744056226933367e-03
1.053788674354583677e+00
2.492405201104652690e-02
5.987996860532440735e-02
1.196586661759688752e-01
1.892346690754305172e-01
2.559185385563367277e-01
2.687353920172608213e-01
2.583896372472516134e-01
2.143549914788671629e-01
1.635312443263181592e-01
1.364234788756135686e-01
1.260571283251188390e-01
1.064010821757044312e-01
8.966440807072117991e-02
7.937714269371198839e-02
6.288975188432743835e-02
5.512445111191155434e-02
4.822497624366661739e-02
4.602597217224868587e-02
4.173198553562329494e-02
3.730802054420223612e-02
3.301968374031361009e-02
2.943411350718960762e-02
2.436169535252474816e-02
2.431868868075071077e-02
1.997313720150373229e-02
1.822886393490819046e-02
1.859680360455229220e-02
1.531250466046429892e-02
1.560567524977329867e-02
1.282327836865704285e-02
1.190592725805572627e-02
1.221247038357375914e-02
1.152785079729312656e-02
