2.026082992553710938e+00
5.078099879723136922e-01
1.097609068074145711e-01
2.872167172737860596e-03
4.653900810430044999e-03
1.209234612037183965e+00
1.151419925692742652e-02
9.264342906585074644e-01
6.312627597837128235e-02
1.187669806901290315e-01
1.954135249714266109e-01
2.462673544743054777e-01
2.973790001105225400e-01
2.663051340734234884e-01
2.025618548821874754e-01
1.777047520167478467e-01
1.413825853209260686e-01
1.164803308397672765e-01
1.020694934305872437e-01
9.647173534122899241e-02
7.681557347984480089e-02
7.012813994585087585e-02
5.469339032089592934e-02
4.804377812354942989e-02
4.349873523377212337e-02
4.256740423679516994e-02
3.694371695533504862e-02
3.289952077644642259e-02
3.014746189586148262e-02
2.430828959080599816e-02
2.230452852450071077e-02
2.238784057064435729e-02
2.035365031186131546e-02
1.818100160259916720e-02
1.712067116437054892e-02
1.406453755446079867e-02
1.446741289014141785e-02
1.382471998266510127e-02
1.109857878201125914e-02
1.026518600237125156e-02
