-1.000000000000000000e+01
-1.003252350420766525e+01
-1.013037934552811770e+01
-1.029445046001941755e+01
-1.052632805699939489e+01
-1.082868327384138318e+01
-1.120638800907138055e+01
-1.166865230823663246e+01
-1.222893113895444550e+01
-1.289440842203534388e+01
-1.365364354358714927e+01
-1.448439983128094610e+01
-1.536693523637761238e+01
-1.628735463358514224e+01
-1.723626279787535154e+01
-1.820718091778823222e+01
-1.919549978807971513e+01
-2.019784210146965009e+01
-2.121166956056925912e+01
-2.223503298412052587e+01
-2.326640793493004011e+01
-2.430458324858842900e+01
-2.534858338971054437e+01
-2.639761309880226037e+01
-2.745101712207459244e+01
-2.850825038763523267e+01
-2.956885556693092099e+01
-3.063244595327156361e+01
-3.169869223118297086e+01
-3.276731213480564975e+01
-3.383806227998934446e+01
-3.491073165160580061e+01
-3.598513636515561132e+01
-3.706111541932720854e+01
-3.813852722634015180e+01
-3.921724675801344517e+01
-4.029716318315381329e+01
-4.137817789991430573e+01
-4.246020288786404251e+01
-4.354315932052385563e+01
