-9.996717453002929688e+00
-8.170639991760253906e+00
-1.012873840332031250e+01
-1.028720378875732422e+01
-1.052435779571533203e+01
-1.082361698150634766e+01
-1.119610977172851562e+01
-1.163476085662841797e+01
-1.214834594726562500e+01
-1.275242805480957031e+01
-1.344445133209228516e+01
-1.419128036499023438e+01
-1.513459968566894531e+01
-1.609974861145019531e+01
-1.708074569702148438e+01
-1.810527420043945312e+01
-1.908022689819335938e+01
-2.011735534667968750e+01
-2.113517570495605469e+01
-2.215847587585449219e+01
-2.321088409423828125e+01
-2.426929473876953125e+01
-2.530932235717773438e+01
-2.636025047302246094e+01
-2.742119789123535156e+01
-2.847266387939453125e+01
-2.953972625732421875e+01
-3.061489486694335938e+01
-3.167784118652343750e+01
-3.274263381958007812e+01
-3.381932449340820312e+01
-3.489395904541015625e+01
-3.596968841552734375e+01
-3.705015563964843750e+01
-3.812878799438476562e+01
-3.920388412475585938e+01
-4.028612136840820312e+01
-4.136972045898437500e+01
-4.245057678222656250e+01
-4.353562927246093750e+01
