2.001459598541259766e+00
3.787389705712129739e-03
1.642849556438008563e-03
3.432927670784735596e-03
1.385601967521855826e+00
1.244868521833630837e-02
1.826239871981805152e-02
4.732395435479652690e-02
1.234986285784689386e-01
1.519271903458907502e-01
2.506989787678133297e-01
3.319874167301648527e-01
3.060393165778076963e-01
2.620975229894391134e-01
1.980376239251562254e-01
1.764077549464353467e-01
1.360992296080354436e-01
1.146168512255094640e-01
1.068721972880091187e-01
8.322329173771336741e-02
7.213303258629011339e-02
6.273716399370243835e-02
6.010644574081780434e-02
4.805712956397911739e-02
4.685185413025649837e-02
3.894534918308423244e-02
3.350095267310848612e-02
3.337445058601673509e-02
2.715673923961148262e-02
2.434643656346224816e-02
2.204131441317258577e-02
2.025923949642560729e-02
1.822123454037694046e-02
1.850906556744291720e-02
1.531250466046429892e-02
1.404164937086704867e-02
1.432626909131329285e-02
1.188685377172760127e-02
1.221247038357375914e-02
1.015074508440250156e-02
