-9.987718582153320312e+00
-8.173851966857910156e+00
-1.012714672088623047e+01
-8.761842727661132812e+00
-1.052507591247558594e+01
-1.082535552978515625e+01
-1.015259933471679688e+01
-1.164372825622558594e+01
-1.216905117034912109e+01
-1.277474975585937500e+01
-1.346440887451171875e+01
-1.422848129272460938e+01
-1.509819984436035156e+01
-1.602896499633789062e+01
-1.702190780639648438e+01
-1.804364967346191406e+01
-1.905907630920410156e+01
-2.007178497314453125e+01
-2.110526847839355469e+01
-2.214536857604980469e+01
-2.318703079223632812e+01
-2.424169349670410156e+01
-2.529345893859863281e+01
-2.634938812255859375e+01
-2.740499114990234375e+01
-2.846651840209960938e+01
-2.953154754638671875e+01
-3.059942626953125000e+01
-3.166925811767578125e+01
-3.274295043945312500e+01
-3.381374359130859375e+01
-3.489075851440429688e+01
-3.596690750122070312e+01
-3.704251861572265625e+01
-3.812321472167968750e+01
-3.920164108276367188e+01
-4.028433990478515625e+01
-4.136627197265625000e+01
-4.244799041748046875e+01
-4.353163146972656250e+01
