2.007406711578369141e+00
3.733156553218895723e+00
1.729897167793742696e+00
1.539437947812386298e+00
1.051995153064488875e-02
7.960693885328495867e-03
1.813842105868523902e-02
4.232860828546058940e-02
8.878895740130392511e-01
1.833068900529220002e-01
2.898206065754305172e-01
5.985918402531140714e-01
4.443650078009522275e-01
3.406240198766461447e-01
2.757735248040624754e-01
1.865968113429197217e-01
2.944911821226838811e-01
1.615509790331266515e-01
1.865154467997278687e-01
1.066092933246274299e-01
7.903763463707136339e-02
8.438747832475712585e-02
7.389276165878655434e-02
1.118522192856588049e-01
5.618069629334243587e-02
1.284209808969514199e-01
1.487353276731084861e-01
4.642643728035267259e-02
3.350630283824429512e-02
3.062161356541537316e-02
2.821730928621946077e-02
2.880416137142560729e-02
2.525553629818944046e-02
2.103058046002104220e-02
3.297455300030804892e-02
1.995824482985142367e-02
1.878946489209454285e-02
1.855875928930572627e-02
1.335687956326125914e-02
1.567061202776187656e-02
