-5.990007400512695312e+00
-6.015497207641601562e+00
-6.089019775390625000e+00
-6.201582431793212891e+00
-6.360276699066162109e+00
-6.568418025970458984e+00
-6.828277587890625000e+00
-7.133665561676025391e+00
-7.499938964843750000e+00
-7.920078754425048828e+00
-8.401769638061523438e+00
-8.936821937561035156e+00
-9.534959793090820312e+00
-1.016014862060546875e+01
-1.077439308166503906e+01
-1.143876075744628906e+01
-1.208398628234863281e+01
-1.273792648315429688e+01
-1.339640998840332031e+01
-1.403934955596923828e+01
-1.472220993041992188e+01
-1.538146877288818359e+01
-1.606094551086425781e+01
-1.673081779479980469e+01
-1.740869140625000000e+01
-1.808215713500976562e+01
-1.876380538940429688e+01
-1.944223213195800781e+01
-2.012535476684570312e+01
-2.080773735046386719e+01
-2.148811340332031250e+01
-2.217329788208007812e+01
-2.285897636413574219e+01
-2.354571151733398438e+01
-2.423522758483886719e+01
-2.492312240600585938e+01
-2.561146354675292969e+01
-2.630054473876953125e+01
-2.699044418334960938e+01
-2.768059921264648438e+01
