4.882335662841796875e-03
3.858944877341841106e-04
5.956208011212993370e-04
1.900219435439609583e-03
3.633647653497718011e-03
1.277556867178564204e-02
8.648620481572031338e-01
7.227350129625431663e-02
1.194351818688401679e-01
1.825128266816093969e-01
2.254884352878541165e-01
2.416860167448930952e-01
2.549810059065293899e-01
2.201015951390878911e-01
1.277519070933088585e-01
9.019670350197372954e-02
1.994409969041708308e-01
8.559340409581039921e-02
1.708836834820655071e-01
5.666624493563787723e-02
4.398337714367350770e-02
1.306492154028209285e-01
3.092828642638778547e-02
4.069908110503916987e-02
2.741975372236282738e-02
1.125214532600011808e-01
9.579488640727973348e-02
2.352051395471121964e-02
1.866492561192245603e-02
2.482664571002857201e-02
1.790321410309658745e-02
1.386937161845835931e-02
8.386684817306644391e-02
1.220854307122465343e-02
1.287772490276495319e-02
1.158888453280582098e-02
9.647428312536732165e-03
8.636857517885232483e-03
1.506409713220335789e-02
8.305682429995187022e-03
