-6.000000000000000000e+00
-6.022517337511415825e+00
-6.090290597607761924e+00
-6.204129719252334141e+00
-6.365996509286798499e+00
-6.579920439429842283e+00
-6.852300250061500009e+00
-7.189581641097279707e+00
-7.593051781905461262e+00
-8.055959291220183616e+00
-8.566772233505627554e+00
-9.114056736654561064e+00
-9.688724482774205171e+00
-1.028413510343986914e+01
-1.089553221104838698e+01
-1.151948366028908310e+01
-1.215347008015612396e+01
-1.279560584000889634e+01
-1.344445279053772957e+01
-1.409889494366610663e+01
-1.475805274359875163e+01
-1.542122328919432483e+01
-1.608783784758361435e+01
-1.675743110625152354e+01
-1.742961854522626908e+01
-1.810407952821117306e+01
-1.878054448967876411e+01
-1.945878510135705497e+01
-2.013860663703770371e+01
-2.081984198079303638e+01
-2.150234687865387784e+01
-2.218599614163798961e+01
-2.287068058413498051e+01
-2.355630453611321684e+01
-2.424278380705608527e+01
-2.493004400843417301e+01
-2.561801916293167736e+01
-2.630665054465167429e+01
-2.699588570662927367e+01
-2.768567766118976081e+01
