3.447532653808593750e-04
2.907886217470512236e-03
2.516320874363486837e-03
2.937817091689609583e-03
8.101611825860999261e-03
1.187386960562353266e-02
3.153332424973243064e-02
7.068706407091251975e-02
1.217425968773850897e-01
1.856089303498222876e-01
2.221419921115845852e-01
1.926623885100298139e-01
1.524276382917832962e-01
1.212208273168222661e-01
1.004367673228010460e-01
9.980783326271591704e-02
8.332924153307708082e-02
7.088869981114243046e-02
6.014588288392097581e-02
4.147802777255193973e-02
3.562251441173991395e-02
3.904402894041858474e-02
3.439584624084091047e-02
2.363212553863291987e-02
2.093476837080032738e-02
1.864556825023555575e-02
1.659986382427192098e-02
1.894096988732840714e-02
1.335105232090683103e-02
1.196157918170825951e-02
1.082504332672939995e-02
9.884920324513046808e-03
8.984340848847693906e-03
8.220277080013715931e-03
7.508538501397765685e-03
6.894899547454258482e-03
8.451520719763294665e-03
5.876924046205544983e-03
5.422449793336170387e-03
6.528033504213937022e-03
