5.249977111816406250e-03
3.995074938173637236e-03
2.246907879978721212e-03
1.472496504531406458e-03
2.215057107843421136e-03
7.999567695223142039e-03
2.354105664108985252e-02
4.964042558214298850e-02
9.300886656122298035e-02
1.322365472321465063e-01
1.647260298923463040e-01
1.960498396819048139e-01
1.807155258650254837e-01
1.213200094457285161e-01
9.840067265727370227e-02
8.101854188087997954e-02
6.769089009264739332e-02
5.688208512608383671e-02
4.920056275452644456e-02
4.232298321688787723e-02
3.554717414074382020e-02
3.131926697752795974e-02
3.415170561584091047e-02
2.390869109039073237e-02
2.112931793134720238e-02
1.902703797679805575e-02
1.652547722759223348e-02
1.484207767541434464e-02
1.367911628575058103e-02
1.220571980670825951e-02
1.100242674958096245e-02
9.799089636036484308e-03
9.115947904511756406e-03
8.304200419857465931e-03
9.656213061944640685e-03
6.990266979094883482e-03
6.412565031286732165e-03
5.838777073549294983e-03
5.433893885133045387e-03
4.990710506167062022e-03
