-5.994750022888183594e+00
-6.018522262573242188e+00
-6.088043689727783203e+00
-6.202657222747802734e+00
-6.363781452178955078e+00
-6.571920871734619141e+00
-6.828759193420410156e+00
-7.139941215515136719e+00
-7.500042915344238281e+00
-7.923722743988037109e+00
-8.402046203613281250e+00
-8.918006896972656250e+00
-9.508008956909179688e+00
-1.016281509399414062e+01
-1.079713153839111328e+01
-1.143846511840820312e+01
-1.208577919006347656e+01
-1.273872375488281250e+01
-1.339525222778320312e+01
-1.405657196044921875e+01
-1.472250556945800781e+01
-1.538990402221679688e+01
-1.605368614196777344e+01
-1.673352241516113281e+01
-1.740848922729492188e+01
-1.808505249023437500e+01
-1.876401901245117188e+01
-1.944394302368164062e+01
-2.012492752075195312e+01
-2.080763626098632812e+01
-2.149134445190429688e+01
-2.217619705200195312e+01
-2.286156463623046875e+01
-2.354800033569335938e+01
-2.423312759399414062e+01
-2.492305374145507812e+01
-2.561160659790039062e+01
-2.630081176757812500e+01
-2.699045181274414062e+01
-2.768068695068359375e+01
