9.992599487304687500e-03
7.020129869814262236e-03
1.270822217136924337e-03
2.547287459121250208e-03
5.719810220636389886e-03
1.150241345938329829e-02
2.402266217087500877e-02
5.591607942125431663e-02
9.311281706171126160e-02
1.358805367951347876e-01
1.650025954441041165e-01
1.772347990935259077e-01
1.537646896833848587e-01
1.239864828344003911e-01
1.211391293833479210e-01
8.072290284279404204e-02
6.948379780749114332e-02
5.767935685459946171e-02
4.804280213440925706e-02
5.954538769686834598e-02
3.584281317882975770e-02
3.975451630614124099e-02
2.689233671935653547e-02
2.661331145171885737e-02
2.092713897626907738e-02
2.192239320140743075e-02
1.673910027446723348e-02
1.655296939904715714e-02
1.325187019200058103e-02
1.210463032916919701e-02
1.423347533356533745e-02
1.269825955791148431e-02
1.170421999923831891e-02
1.059301877923246593e-02
7.556222217218078185e-03
6.921602428313633482e-03
6.555616178747669665e-03
6.105805882143044983e-03
5.441523279664295387e-03
5.078448543276437022e-03
